ws4_1 = 1/3;
ws6_1 = 0.1761263;
ws6_2 = 0.1572071;
s4 = (4*pi()/8)*(8*(ws4_1*3) )
s6 = (4*pi()/8)*(8*(ws6_1*3 + ws6_2*3) )


